3
6
8
9
10
11
12
14
17
18
19
22
23
24
26
29
32
33
35
36
37
38
45
48
49
50
51
56
62
66
69
74
78
79
80
87
88
91
92
93
94
97
101
106
108
109
113
116
121
122
123
124
127
128
130
136
138
140
143
144
146
148
157
159
163
164
169
171
172
173
176
177
179
185
186
187
188
189
192
193
195
198
199
200
201
203
205
206
208
209
210
212
213
216
221
226
230
233
235
237
238
239
240
246
249
250
252
253
257
258
263
264
265
268
269
271
272
273
277
280
281
282
284
287
288
291
292
293
297
298
299
302
303
305
310
311
314
319
320
321
322
325
326
327
328
330
331
332
333
335
337
339
341
345
346
347
349
350
352
356
358
359
362
370
373
374
377
378
380
383
386
387
390
396
397
401
402
403
404
407
409
415
416
417
420
424
427
429
433
435
436
439
440
441
446
447
449
450
453
454
457
458
462
471
475
476
480
482
483
484
485
486
488
492
494
495
496
498
500
501
504
506
507
508
510
511
514
517
522
523
525
529
530
531
532
535
536
537
538
539
540
542
546
548
550
552
555
560
562
567
571
572
575
576
577
580
582
585
587
590
593
594
595
596
599
602
604
605
607
610
611
612
614
616
618
619
620
621
623
627
628
629
630
632
633
635
636
640
641
643
644
649
651
652
654
656
663
667
668
669
670
671
673
676
677
678
681
682
684
686
687
688
690
691
692
695
696
698
755
757
758
760
761
762
764
765
766
767
768
769
770
772
774
775
776
777
782
783
784
787
788
789
790
792
793
794
798
800
804
808
810
811
815
816
818
820
821
822
823
827
828
829
831
833
837
838
839
841
844
845
846
847
848
853
857
858
860
863
864
867
868
871
872
873
876
877
881
882
888
891
892
893
894
898
900
901
903
905
906
907
909
912
913
914
918
919
920
922
923
926
927
932
935
936
937
940
941
943
944
945
946
947
948
949
950
951
952
953
954
956
957
958
959
960
961
962
963
969
970
973
974
976
979
980
982
984
987
989
992
996
997
998
999
1000
1004
1006
1008
1012
1013
1014
1015
1018
1021
1022
1024
1027
1029
1030
1032
1033
1035
1037
1038
1043
1045
1046
1047
1050
1052
1053
1057
1059
1060
1062
1063
1064
1065
1066
1067
1068
1069
1070
1071
1077
1081
1082
1083
1084
1085
1087
1088
1089
1090
1094
1096
1097
1098
1099
1101
1103
1105
1110
1111
1112
1113
1114
1115
1117
1121
1122
1123
1126
1127
1129
1130
1131
1134
1136
1137
1139
1141
1142
1146
1150
1151
1156
1160
1161
1163
1165
1168
1169
1175
1176
1178
1179
1183
1187
1189
1190
1191
1193
1196
1199
1200
1201
1202
1204
1207
1216
1218
1219
1221
1222
1224
1226
1229
1231
1233
1234
1235
1242
1245
1246
1247
1248
1249
1252
1257
1261
1262
1267
1271
1272
1275
1276
1277
1279
1281
1282
1284
1286
1287
1288
1292
1295
1296
1297
1298
1300
1301
1303
1305
1307
1309
1311
1312
1315
1316
1320
1321
1322
1323
1324
1328
1334
1338
1341
1342
1343
1344
1347
1350
1352
1353
1356
1357
1358
1360
1362
1366
1369
1370
1374
1377
1379
1386
1388
1392
1394
1395
1399
1400
1402
1406
1408
1409
1412
1413
1415
1419
1420
1422
1424
1429
1430
1432
1434
1435
1437
1439
1441
1442
1443
1445
1447
1449
1451
1453
1454
1455
1456
1457
1459
1460
1462
1465
1466
1468
1470
1471
1472
1473
1474
1476
1479
1480
1482
1483
1484
1485
1486
1487
1488
1491
1494
1495
1497
1498
1499
1500
1503
1505
1509
1513
1517
1519
1520
1521
1524
1525
1526
1528
1530
1533
1537
1538
1542
1545
1552
1554
1557
1559
1563
1565
1567
1569
1570
1571
1572
1575
1577
1579
1581
1585
1588
1591
1593
1597
1598
1599
1603
1604
1606
1614
1615
1622
1625
1626
1628
1629
1631
1636
1638
1642
1645
1647
1648
1650
1652
1653
1655
1656
1662
1664
1666
1667
1669
1670
1671
1674
1675
1676
1677
1678
1679
1682
1687
1688
1690
1695
1696
1697
1703
1706
1707
1708
1709
1711
1713
1715
1719
1721
1727
1728
1729
1730
1732
1738
1739
1741
1742
1746
1749
1750
1751
1753
1756
1757
1759
1764
1765
1767
1770
1771
1774
1779
1781
1782
1783
1784
1785
1787
1788
1789
1792
1793
1795
1799
1800
1801
1808
1810
1812
1815
1816
1818
1821
1823
1824
1827
1828
1829
1830
1831
1833
1834
1835
1837
1839
1841
1842
1843
1845
1846
1847
1850
1851
1853
1854
1856
1857
1858
1859
1860
1862
1864
1865
1866
1867
1870
1871
1872
1873
1874
1875
1877
1878
1879
1880
1882
1883
1884
1888
1889
1891
1892
1893
1897
1899
1900
1902
1903
1907
1909
1913
1914
1915
1917
1918
1920
1921
1926
1928
1934
1937
1938
1939
1940
1941
1942
1943
1947
1949
1950
1952
1955
1958
1961
1962
1965
1967
1968
1969
1971
1972
1974
1975
1977
1979
1981
1983
1985
1987
1989
1990
1991
1996
1999
2001
2005
2007
2008
2009
2011
2012
2016
2018
2020
2022
2024
2031
2033
2034
2035
2036
2038
2039
2041
2043
2044
2045
2051
2052
2053
2055
2056
2057
2060
2061
2062
2063
2066
2067
2069
2070
2071
2073
2074
2075
2076
2077
2078
2079
2080
2083
2084
2085
2086
2087
2090
2091
2097
2099
2100
2102
2103
2104
2107
2109
2110
2118
2120
2126
2127
2132
2133
2135
2136
2139
2140
2145
2147
2151
2152
2153
2156
2163
2164
2166
2167
2172
2177
2179
2180
2181
2182
2183
2184
2185
2186
2187
2188
2189
2195
2196
2198
2199
2201
2204
2205
2208
2209
2210
2215
2216
2217
2225
2226
2227
2228
2229
2230
2233
2235
2237
2243
2244
2245
2246
2247
2248
2251
2252
2254
2257
2259
2261
2264
2265
2268
2269
2271
2276
2277
2278
2279
2280
2281
2285
2288
2289
2290
2291
2292
2295
2297
2298
2301
2303
2304
2305
2306
2307
2308
2310
2311
2312
2316
2318
2319
2320
2323
2325
2326
2328
2331
2333
2334
2335
2336
2337
2341
2344
2345
2348
2350
2355
2359
2360
2366
2367
2368
2369
2371
2372
2374
2376
2377
2378
2384
2385
2387
2389
2390
2392
2393
2396
2398
2400
2401
2402
2405
2407
2409
2415
2420
2423
2424
2427
2432
2438
2439
2440
2442
2443
2444
2445
2446
2448
2449
2450
2451
2454
2455
2456
2460
2465
2466
2467
2468
2469
2473
2477
2478
2479
2480
2482
2484
2491
2496
2500
2501
2502
2505
2507
2510
2511
2513
2515
2518
2519
2520
2521
2528
2532
2533
2536
2539
2544
2545
2547
2548
2550
2552
2554
2556
2562
2563
2569
2571
2577
2578
2579
2584
2586
2588
2591
2593
2594
2596
2597
2599
2600
2601
2603
2604
2606
2608
2609
2610
2611
2613
2614
2617
2618
2619
2621
2623
2625
2627
2629
2632
2633
2634
2635
2638
2640
2642
2643
2644
2645
2646
2650
2652
2653
2654
2655
2661
2662
2663
2665
2667
2669
2672
2674
2675
2676
2677
2678
2681
2684
2687
2689
2690
2692
2693
2694
2697
2698
2699
2700
2703
2705
2708
2710
2711
2712
2713
2715
2716
2717
2718
2720
2721
2722
2723
2724
2725
2728
2730
2732
2733
2734
2735
2738
2739
2741
2745
2746
2747
2748
2760
2763
2764
2765
2766
2768
2770
2772
2774
2775
2778
2781
2782
2790
2791
2792
2793
2794
2796
2797
2798
2799
2800
2804
2807
2810
2812
2813
2816
2821
2823
2824
2827
2828
2829
2830
2831
2837
2838
2844
2845
2846
2849
2850
2852
2853
2855
2856
2859
2861
2863
2866
2867
2868
2869
2870
2871
2872
2874
2875
2878
2879
2882
2883
2884
2888
2889
2891
2897
2898
2900
2902
2903
2904
2906
2907
2908
2911
2913
2914
2919
2920
2922
2925
2927
2931
2933
2934
2939
2941
2944
2945
2950
2953
2959
2961
2962
2967
2969
2971
2977
2978
2981
2982
2984
2985
2988
2989
2991
2993
2994
2996
2997
3000
3001
3002
3003
3005
3006
3007
3008
3010
3016
3017
3019
3020
3023
3024
3025
3026
3029
3033
3034
3035
3036
3037
3041
3042
3043
3046
3048
3050
3051
3052
3053
3054
3056
3057
3058
3059
3060
3062
3063
3064
3066
3068
3069
3074
3078
3080
3081
3082
3083
3086
3087
3089
3092
3094
3097
3101
3104
3105
3109
3110
3113
3114
3115
3117
3118
3124
3125
3127
3128
3129
3133
3134
3135
3137
3138
3139
3140
3146
3151
3152
3157
3160
3162
3165
3166
3169
3170
3173
3175
3177
3180
3182
3185
3194
3196
3197
3200
3202
3203
3205
3207
3208
3211
3214
3215
3217
3220
3222
3223
3224
3226
3227
3229
3232
3233
3234
3238
3240
3241
3242
3243
3246
3251
3253
3256
3258
3259
3260
3262
3263
3264
3268
3269
3270
3272
3273
3277
3279
3281
3284
3287
3288
3289
3290
3293
3295
3297
3298
3301
3302
3303
3304
3306
3310
3314
3316
3319
3321
3323
3324
3327
3333
3334
3335
3337
3338
3339
3344
3351
3353
3354
3361
3366
3367
3368
3369
3370
3372
3373
3379
3380
3385
3387
3389
3390
3392
3393
3394
3395
3396
3400
3401
3404
3405
3406
3411
3416
3417
3420
3423
3426
3427
3428
3430
3434
3438
3439
3440
3444
3445
3446
3447
3451
3454
3455
3457
3458
3459
3462
3464
3469
3472
3474
3475
3476
3478
3480
3481
3482
3483
3484
3486
3488
3491
3492
3494
3495
3496
3497
3499
3502
3503
3506
3507
3509
3510
3511
3515
3518
3519
3520
3523
3525
3526
3527
3530
3532
3534
3535
3538
3539
3542
3543
3544
3547
3549
3551
3552
3553
3556
3558
3561
3564
3565
3566
3567
3569
3570
3577
3580
3581
3584
3585
3587
3588
3589
3590
3591
3596
3598
3600
3601
3605
3609
3610
3611
3614
3616
3618
3620
3621
3623
3624
3625
3629
3631
3632
3634
3635
3638
3640
3641
3643
3646
3648
3651
3652
3654
3657
3660
3662
3663
3666
3667
3669
3675
3676
3679
3680
3682
3684
3687
3688
3689
3690
3691
3692
3693
3696
3698
3700
3705
3706
3707
3711
3713
3714
3720
3723
3724
3727
3730
3732
3739
3740
3744
3745
3746
3749
3752
3753
3759
3760
3761
3764
3765
3769
3770
3772
3773
3780
3788
3789
3790
3792
3793
3794
3795
3797
3801
3807
3808
3809
3813
3815
3821
3823
3824
3828
3831
3833
3835
3839
3840
3844
3846
3850
3852
3855
3856
3857
3858
3859
3861
3864
3866
3871
3872
3876
3877
3878
3879
3880
3882
3892
3893
3894
3896
3900
3902
3906
3907
3908
3909
3910
3911
3914
3915
3918
3921
3922
3923
3924
3927
3928
3932
3937
3938
3943
3946
3948
3952
3953
3954
3956
3958
3959
3963
3964
3967
3969
3970
3973
3975
3977
3978
3979
3983
3984
3985
3988
3992
3993
3999
4001
4002
4005
4007
4009
4012
4013
4014
4015
4016
4020
4021
4022
4027
4029
4032
4034
4035
4036
4037
4041
4043
4044
4047
4048
4049
4051
4055
4058
4060
4063
4065
4069
4071
4072
4074
4075
4077
4079
4080
4082
4087
4088
4091
4094
4095
4096
4098
4100
4101
4102
4103
4108
4109
4114
4115
4116
4117
4118
4120
4121
4123
4124
4125
4126
4127
4128
4130
4131
4132
4133
4135
4137
4141
4142
4144
4148
4150
4151
4155
4156
4160
4161
4163
4164
4166
4168
4171
4175
4177
4178
4180
4182
4186
4188
4189
4190
4192
4193
4195
4197
4202
4205
4208
4209
4212
4216
4217
4218
4219
4220
4221
4224
4225
4227
4228
4229
4232
4233
4234
4242
4244
4245
4246
4247
4251
4254
4258
4259
4260
4264
4265
4267
4268
4270
4271
4272
4273
4277
4278
4281
4283
4284
4286
4287
4288
4293
4294
4296
4297
4301
4303
4306
4308
4309
4311
4312
4315
4316
4317
4319
4320
4322
4324
4325
4326
4327
4328
4329
4330
4332
4334
4335
4337
4338
4342
4345
4346
4347
4351
4355
4356
4357
4358
4360
4361
4362
4363
4364
4366
4367
4368
4369
4370
4374
4377
4380
4381
4382
4385
4387
4388
4390
4392
4395
4397
4399
4400
4401
4404
4405
4406
4408
4409
4411
4412
4416
4418
4422
4424
4426
4428
4430
4431
4432
4433
4439
4442
4443
4448
4449
4450
4451
4453
4454
4455
4458
4459
4462
4463
4464
4466
4469
4470
4471
4475
4478
4479
4480
4482
4484
4487
4488
4489
4490
4493
4495
4496
4498
4504
4507
4509
4510
4511
4513
4514
4515
4516
4517
4520
4525
4526
4529
4530
4531
4532
4534
4536
4537
4543
4545
4546
4547
4548
4551
4553
4554
4555
4556
4558
4560
4561
4564
4566
4571
4574
4575
4576
4579
4580
4582
4583
4587
4589
4593
4594
4596
4597
4598
4599
4602
4603
4605
4606
4608
4610
4611
4612
4613
4616
4618
4619
4620
4621
4622
4623
4633
4634
4635
4637
4638
4642
4643
4644
4646
4647
4648
4649
4651
4652
4653
4654
4655
4657
4661
4662
4666
4667
4668
4669
4674
4679
4680
4682
4688
4690
4691
4692
4694
4696
4698
4700
4701
4702
4703
4708
4711
4712
4718
4720
4722
4723
4724
4726
4728
4730
4734
4736
4738
4740
4742
4746
4747
4748
4749
4751
4752
4754
4756
4757
4758
4759
4760
4764
4766
4768
4769
4770
4771
4772
4774
4775
4776
4778
4780
4782
4783
4785
4786
4787
4788
4792
4794
4801
4804
4805
4806
4807
4808
4809
4816
4817
4818
4819
4820
4822
4826
4828
4837
4838
4844
4847
4848
4849
4851
4852
4855
4862
4866
4867
4869
4871
4874
4875
4877
4879
4881
4882
4885
4887
4888
4889
4890
4895
4896
4898
4899
4900
4902
4904
4905
4906
4909
4910
4912
4914
4915
4916
4918
4919
4920
4922
4927
4930
4931
4937
4938
4942
4944
4945
4946
4948
4949
4951
4952
4953
4954
4955
4956
4960
4962
4965
4966
4969
4970
4971
4972
4973
4980
4981
4983
4984
4986
4987
4989
4992
4993
4995
4996
4999
5003
5004
5005
5011
5012
5016
5018
5019
5020
5021
5022
5023
5025
5027
5031
5032
5033
5035
5036
5039
5042
5043
5053
5058
5062
5064
5065
5066
5068
5070
5072
5074
5077
5079
5081
5082
5084
5088
5089
5096
5100
5101
5102
5103
5104
5105
5109
5111
5117
5118
5119
5123
5125
5127
5128
5131
5133
5134
5137
5138
5139
5145
5147
5152
5153
5154
5155
5156
5159
5160
5161
5162
5163
5164
5167
5168
5169
5171
5172
5176
5177
5179
5180
5181
5182
5183
5187
5188
5190
5194
5196
5197
5199
5200
5204
5205
5207
5208
5211
5212
5215
5216
5218
5219
5220
5221
5227
5229
5232
5233
5237
5238
5240
5241
5243
5244
5247
5250
5254
5257
5258
5260
5265
5266
5267
5268
5271
5272
5274
5275
5278
5279
5281
5283
5285
5289
5291
5296
5297
5298
5299
5300
5302
5303
5304
5308
5311
5313
5315
5317
5318
5322
5324
5325
5328
5330
5331
5332
5333
5335
5337
5338
5340
5341
5343
5345
5346
5347
5348
5350
5351
5357
5358
5362
5364
5365
5367
5368
5369
5371
5372
5374
5379
5385
5388
5390
5392
5393
5394
5395
5396
5398
5399
5402
5403
5404
5409
5417
5418
5419
5420
5421
5422
5426
5428
5431
5432
5433
5439
5441
5442
5444
5445
5447
5450
5451
5458
5459
5463
5464
5465
5471
5473
5475
5476
5480
5481
5483
5484
5493
5494
5496
5497
5498
5499
5501
5507
5512
5514
5516
5519
5524
5527
5529
5530
5532
5537
5538
5540
5543
5544
5548
5549
5550
5556
5557
5558
5560
5564
5565
5568
5569
5570
5571
5574
5577
5579
5581
5583
5586
5588
5589
5592
5595
5596
5597
5599
5601
5605
5607
5608
5613
5614
5615
5617
5618
5619
5621
5622
5624
5626
5627
5628
5629
5630
5631
5632
5634
5635
5637
5639
5645
5646
5647
5650
5657
5658
5660
5661
5664
5665
5666
5669
5672
5676
5677
5679
5681
5688
5692
5693
5694
5695
5699
5700
5701
5703
5704
5705
5706
5707
5711
5714
5715
5716
5717
5718
5719
5720
5723
5724
5727
5731
5733
5735
5737
5738
5740
5742
5743
5744
5746
5747
5748
5749
5752
5753
5754
5755
5758
5759
5761
5762
5764
5765
5766
5769
5771
5772
5774
5776
5777
5779
5782
5784
5785
5787
5788
5789
5790
5792
5793
5799
5802
5804
5805
5806
5807
5808
5809
5810
5811
5812
5816
5818
5827
5828
5830
5831
5835
5838
5839
5842
5845
5849
5850
5851
5853
5855
5856
5857
5861
5863
5868
5869
5870
5872
5874
5877
5883
5887
5888
5891
5894
5899
5903
5904
5906
5907
5908
5910
5912
5914
5915
5916
5918
5923
5924
5926
5928
5931
5933
5935
5936
5938
5939
5940
5943
5946
5947
5948
5949
5950
5953
5954
5956
5959
5963
5965
5966
5970
5971
5976
5977
5978
5979
5983
5985
5986
5987
5988
5991
5992
5993
5994
5996
5997
6001
6003
6004
6006
6008
6010
6012
6015
6017
6018
6019
6022
6023
6024
6027
6030
6031
6036
6037
6039
6044
6047
6051
6053
6058
6060
6061
6064
6065
6066
6067
6068
6069
6070
6072
6073
6074
6076
6078
6081
6083
6086
6087
6090
6095
6096
6097
6098
6099
6108
6111
6113
6115
6117
6118
6122
6123
6129
6130
6135
6136
6137
6138
6140
6143
6144
6145
6146
6147
6148
6149
6152
6153
6155
6161
6162
6163
6164
6165
6171
6172
6174
6177
6178
6189
6190
6191
6192
6193
6198
6202
6203
6206
6207
6208
6210
6212
6217
6220
6225
6226
6228
6229
6230
6231
6233
6234
6235
6236
6237
6238
6241
6246
6248
6249
6250
6253
6255
6258
6263
6267
6268
6269
6271
6272
6273
6276
6277
6278
6282
6285
6286
6288
6290
6291
6292
6293
6295
6296
6297
6298
6301
6302
6304
6306
6307
6310
6311
6312
6316
6318
6320
6321
6322
6329
6331
6335
6341
6342
6343
6344
6346
6348
6351
6355
6356
6361
6363
6365
6366
6367
6368
6370
6374
6376
6377
6378
6380
6382
6383
6385
6386
6389
6392
6394
6399
6400
6403
6409
6410
6411
6414
6415
6416
6420
6421
6422
6425
6426
6428
6431
6433
6434
6436
6443
6444
6445
6446
6447
6448
6449
6450
6451
6452
6455
6459
6461
6464
6466
6468
6469
6477
6478
6479
6482
6484
6486
6487
6488
6490
6492
6493
6494
6495
6498
6502
6504
6505
6511
6513
6514
6515
6516
6517
6518
6519
6521
6526
6530
6531
6535
6541
6544
6545
6546
6547
6548
6550
6552
6553
6554
6556
6557
6558
6559
6564
6566
6568
6573
6574
6575
6577
6579
6580
6581
6582
6583
6589
6590
6593
6596
6597
6598
6601
6606
6608
6610
6611
6612
6617
6622
6624
6625
6627
6631
6632
6634
6636
6637
6641
6648
6649
6650
6651
6652
6653
6657
6660
6662
6664
6666
6667
6671
6672
6673
6676
6678
6683
6686
6688
6689
6690
6691
6693
6695
6696
6697
6700
6702
6703
6704
6708
6712
6713
6714
6715
6717
6719
6720
6721
6722
6724
6727
6735
6738
6739
6743
6749
6750
6753
6756
6759
6762
6763
6764
6765
6766
6767
6769
6771
6773
6774
6776
6778
6779
6782
6789
6791
6792
6793
6800
6805
6807
6810
6814
6816
6818
6821
6822
6823
6825
6826
6831
6832
6833
6834
6837
6838
6839
6840
6846
6848
6849
6852
6854
6860
6866
6868
6871
6873
6875
6877
6878
6879
6882
6886
6887
6892
6893
6894
6895
6901
6904
6907
6909
6914
6916
6917
6918
6920
6921
6922
6923
6926
6927
6928
6930
6931
6932
6936
6937
6939
6940
6941
6942
6944
6945
6949
6950
6951
6953
6955
6960
6966
6967
6969
6973
6976
6977
6978
6980
6984
6987
6991
6994
6995
6996
6997
6998
6999
7001
7003
7004
7006
7010
7012
7013
7015
7023
7026
7027
7029
7032
7034
7035
7036
7039
7041
7043
7044
7045
7047
7048
7049
7051
7052
7054
7055
7058
7059
7062
7063
7064
7065
7069
7070
7072
7074
7078
7079
7080
7081
7082
7083
7084
7085
7088
7089
7090
7091
7092
7098
7099
7100
7102
7104
7105
7107
7111
7112
7113
7115
7116
7120
7121
7123
7125
7128
7130
7132
7134
7135
7136
7138
7139
7140
7142
7144
7145
7147
7151
7154
7155
7157
7159
7162
7164
7165
7170
7171
7172
7175
7176
7177
7180
7181
7182
7186
7189
7190
7192
7193
7196
7200
7201
7202
7203
7204
7205
7211
7213
7215
7217
7218
7219
7223
7224
7225
7227
7230
7232
7234
7236
7237
7246
7247
7248
7249
7250
7252
7253
7254
7255
7259
7262
7263
7264
7265
7266
7269
7274
7277
7278
7279
7280
7281
7282
7284
7286
7289
7290
7295
7296
7299
7301
7304
7307
7308
7310
7312
7314
7317
7322
7323
7327
7329
7331
7333
7334
7335
7336
7338
7339
7341
7342
7343
7348
7349
7350
7351
7352
7353
7354
7355
7359
7360
7362
7363
7365
7367
7369
7372
7373
7374
7376
7377
7381
7384
7389
7391
7397
7399
7400
7403
7405
7406
7407
7411
7412
7413
7415
7416
7418
7419
7422
7423
7424
7425
7426
7427
7428
7429
7430
7434
7438
7441
7445
7446
7449
7450
7451
7454
7455
7462
7463
7465
7468
7469
7473
7474
7475
7477
7478
7479
7481
7482
7484
7485
7489
7492
7493
7497
7501
7505
7506
7507
7509
7513
7516
7518
7519
7522
7523
7524
7526
7529
7531
7533
7535
7539
7540
7543
7544
7545
7546
7548
7550
7554
7555
7557
7564
7568
7575
7576
7579
7581
7585
7588
7589
7591
7592
7593
7595
7596
7600
7602
7605
7606
7608
7609
7612
7613
7614
7615
7616
7617
7619
7620
7622
7626
7629
7631
7633
7635
7636
7642
7647
7648
7649
7651
7654
7658
7659
7660
7662
7664
7665
7666
7667
7670
7671
7674
7675
7677
7678
7680
7681
7682
7686
7687
7689
7691
7693
7695
7699
7702
7703
7706
7709
7710
7711
7713
7714
7715
7718
7721
7725
7726
7731
7733
7734
7736
7737
7738
7740
7741
7744
7746
7747
7748
7750
7754
7761
7763
7766
7767
7769
7770
7771
7772
7780
7781
7783
7785
7786
7788
7789
7791
7793
7794
7795
7796
7797
7798
7800
7801
7802
7806
7807
7809
7811
7813
7816
7819
7820
7822
7823
7825
7826
7828
7830
7831
7832
7833
7837
7838
7839
7841
7842
7843
7844
7845
7846
7847
7851
7852
7853
7855
7856
7861
7862
7863
7865
7867
7869
7872
7875
7877
7878
7881
7882
7884
7885
7886
7887
7890
7891
7892
7893
7894
7896
7897
7900
7906
7907
7910
7913
7918
7919
7921
7922
7923
7924
7927
7928
7937
7938
7939
7941
7942
7943
7947
7949
7951
7952
7954
7955
7958
7959
7960
7963
7964
7965
7967
7968
7969
7970
7975
7976
7980
7981
7983
7992
7993
7994
8000
8003
8004
8007
8012
8015
8017
8018
8021
8023
8024
8025
8028
8029
8030
8031
8032
8041
8043
8049
8053
8054
8055
8056
8057
8058
8059
8061
8064
8067
8068
8073
8076
8078
8079
8080
8082
8084
8088
8093
8098
8099
8101
8106
8108
8110
8113
8114
8115
8121
8123
8128
8129
8130
8131
8133
8134
8139
8141
8142
8144
8146
8147
8148
8149
8151
8152
8153
8154
8156
8159
8160
8161
8163
8168
8169
8172
8173
8177
8181
8184
8187
8188
8189
8190
8192
8193
8196
8200
8201
8203
8205
8206
8211
8212
8213
8215
8216
8219
8222
8223
8224
8225
8228
8229
8231
8232
8234
8235
8236
8237
8239
8242
8243
8246
8247
8248
8256
8259
8264
8269
8271
8272
8273
8275
8276
8277
8279
8282
8286
8287
8288
8292
8296
8303
8306
8307
8308
8311
8313
8314
8316
8317
8318
8319
8321
8325
8326
8327
8328
8329
8330
8338
8340
8341
8343
8345
8352
8353
8355
8356
8358
8359
8360
8361
8362
8364
8365
8366
8368
8369
8370
8371
8372
8375
8376
8378
8379
8380
8381
8384
8385
8386
8387
8388
8389
8393
8396
8397
8401
8402
8404
8405
8410
8415
8419
8422
8425
8426
8432
8436
8437
8438
8439
8448
8452
8455
8457
8459
8460
8462
8468
8469
8472
8474
8477
8478
8479
8481
8484
8488
8489
8494
8495
8497
8499
8502
8504
8505
8506
8512
8513
8515
8517
8519
8526
8528
8530
8531
8532
8533
8534
8537
8538
8539
8541
8545
8548
8552
8553
8555
8558
8563
8564
8573
8575
8576
8578
8579
8580
8582
8586
8589
8590
8591
8592
8595
8596
8597
8598
8601
8604
8606
8607
8609
8611
8612
8613
8614
8615
8618
8619
8627
8635
8640
8641
8642
8643
8646
8648
8657
8658
8660
8662
8663
8665
8667
8668
8670
8673
8677
8678
8685
8686
8687
8688
8689
8691
8693
8695
8696
8698
8701
8702
8704
8705
8707
8710
8715
8718
8720
8724
8725
8726
8730
8733
8734
8735
8736
8737
8738
8739
8741
8743
8744
8749
8753
8755
8760
8761
8763
8766
8767
8768
8772
8774
8776
8777
8778
8779
8784
8786
8787
8789
8790
8791
8792
8794
8795
8796
8797
8798
8801
8804
8807
8810
8814
8816
8817
8818
8819
8820
8821
8822
8824
8826
8832
8838
8844
8849
8851
8852
8856
8858
8859
8861
8863
8864
8866
8868
8869
8872
8875
8879
8881
8882
8883
8884
8886
8892
8893
8896
8898
8899
8901
8904
8906
8907
8909
8912
8913
8914
8917
8923
8927
8928
8930
8932
8933
8934
8935
8936
8939
8943
8946
8947
8948
8949
8951
8952
8955
8958
8961
8964
8965
8969
8970
8975
8976
8977
8980
8982
8983
8984
8985
8986
8990
8992
8994
8997
8998
9000
9002
9004
9005
9008
9009
9010
9011
9013
9017
9021
9024
9027
9030
9032
9033
9037
9038
9048
9050
9053
9055
9058
9061
9063
9066
9068
9071
9073
9074
9076
9079
9080
9081
9084
9085
9087
9089
9090
9095
9096
9099
9100
9102
9105
9107
9110
9113
9115
9117
9119
9120
9121
9122
9123
9124
9125
9127
9128
9130
9133
9135
9136
9137
9143
9148
9149
9150
9152
9153
9155
9156
9158
9160
9161
9163
9164
9166
9170
9177
9178
9179
9180
9181
9182
9183
9184
9186
9187
9189
9191
9192
9194
9196
9197
9198
9202
9206
9208
9209
9210
9213
9214
9222
9223
9224
9230
9231
9232
9233
9234
9235
9238
9239
9240
9242
9247
9251
9254
9255
9256
9261
9262
9264
9265
9268
9269
9270
9271
9275
9277
9279
9280
9281
9283
9285
9287
9290
9291
9292
9296
9297
9299
9300
9304
9308
9309
9312
9316
9317
9320
9324
9325
9327
9334
9336
9337
9338
9339
9343
9345
9346
9347
9350
9354
9356
9357
9360
9362
9366
9367
9368
9370
9377
9378
9380
9382
9383
9385
9386
9388
9390
9395
9396
9398
9399
9404
9405
9407
9411
9419
9420
9423
9424
9426
9428
9430
9432
9434
9438
9440
9441
9444
9449
9451
9453
9454
9455
9457
9463
9465
9467
9470
9472
9473
9476
9482
9483
9488
9489
9494
9495
9497
9499
9501
9503
9504
9505
9506
9507
9509
9510
9511
9512
9513
9514
9516
9518
9519
9521
9522
9526
9527
9529
9531
9532
9533
9534
9536
9537
9540
9544
9546
9547
9550
9552
9553
9555
9556
9557
9559
9560
9562
9564
9568
9571
9573
9574
9576
9577
9579
9580
9581
9585
9586
9589
9590
9592
9593
9596
9597
9600
9602
9603
9604
9605
9606
9609
9610
9611
9612
9613
9616
9617
9618
9619
9620
9621
9626
9627
9628
9631
9633
9634
9635
9636
9639
9640
9641
9644
9645
9650
9652
9654
9655
9656
9658
9659
9660
9662
9665
9667
9668
9670
9672
9676
9677
9678
9680
9681
9682
9683
9687
9688
9689
9691
9692
9693
9694
9701
9703
9704
9706
9709
9710
9711
9713
9718
9720
9721
9722
9723
9726
9727
9728
9730
9732
9733
9736
9738
9740
9742
9747
9749
9751
9755
9758
9762
9768
9770
9774
9777
9784
9785
9788
9789
9790
9793
9797
9798
9800
9801
9802
9803
9805
9808
9813
9814
9819
9821
9823
9827
9828
9830
9831
9833
9836
9838
9840
9842
9847
9848
9849
9850
9851
9852
9859
9866
9867
9874
9875
9878
9887
9888
9890
9892
9894
9895
9896
9898
9899
9900
9903
9905
9906
9907
9908
9909
9913
9914
9917
9918
9920
9923
9926
9929
9931
9936
9938
9940
9943
9945
9946
9947
9949
9951
9954
9955
9957
9959
9960
9962
9965
9970
9971
9972
9974
9976
9978
9979
9980
9981
9982
9985
9986
9989
9991
9997
9998
9999
